3155.761
2974.022 
2648.894 
1858.392 
3278.123 
1898.960
1671.241 
2495.138 
2552.241 
3665.518 
3269.371 
3331.384
2445.935 
2954.525 
2273.888 
2772.047 
2385.761 
1128.175
2961.134 
2256.373 
1729.926 
3256.951 
2511.822 
3454.309
3152.667 
2951.263 
4004.240 
2957.310 
2003.190 
3026.383
2797.168 
2603.642 
2778.744 
3310.464 
2130.627 
2480.950
2216.317 
3503.690 
2373.363 
2910.646 
2148.045 
2520.181
2243.501 
2681.869 
2720.150 
2228.171 
3894.366 
2804.951
2355.591 
2434.952